Snapshots for hypothesis_index == 1

Snapshot 1:
Theta: [0.466667 1.000000 0.566667 0.466667]
Denormalized Theta: [42.000000 nan nan 1065.949927 17.000000 14.000000]
Jacobian: nan
Hessian: nan

Snapshot 2:
Theta: [0.624831 0.363408 0.565563 0.469560]
Denormalized Theta: [56.234814 nan nan 387.374655 16.966880 14.086793]
Jacobian: [-9832.878965 -23.122097 27.106628 -35.289364]
Hessian: [[144485.016446 1524.797461 -49.070875 55.632835]
 [1524.797461 375.145638 84.370796 -95.653210]
 [-49.070875 84.370796 5230.367091 1049.546862]
 [55.632835 -95.653210 1049.546862 3665.189406]]

Snapshot 3:
Theta: [0.695242 0.140016 0.564007 0.472735]
Denormalized Theta: [62.571754 nan nan 149.249679 16.920214 14.182041]
Jacobian: [-987.823638 -2.827334 6.474951 -8.534339]
Hessian: [[117632.905280 1460.706543 -10.529076 12.513780]
 [1460.706543 380.194276 52.281670 -62.136636]
 [-10.529076 52.281670 1983.373285 398.808637]
 [12.513780 -62.136636 398.808637 1375.532545]]

Snapshot 4:
Theta: [0.703942 0.115549 0.560202 0.478858]
Denormalized Theta: [63.354783 nan nan 123.169950 16.806072 14.365735]
Jacobian: [-12.141439 0.187399 1.120098 -1.281039]
Hessian: [[114845.247102 1451.711410 -2.703156 2.232086]
 [1451.711410 379.420557 16.467966 -13.598149]
 [-2.703156 16.467966 1571.651528 350.860638]
 [2.232086 -13.598149 350.860638 1135.341602]]

